<svg width="279" height="260" viewBox="0 0 279 260" fill="none" xmlns="http://www.w3.org/2000/svg">
<path fill-rule="evenodd" clip-rule="evenodd" d="M170.4 41.8997C102 23.5997 28.7002 64.1997 10.4002 132.6C9.70018 134.5 9.30018 135.2 9.00018 135.1C8.60018 134.9 9.00018 132.6 9.50018 130.7C28.8002 58.4997 100 15.6997 172.2 34.9997C244.4 54.2997 287.3 128.6 267.9 200.8C267.4 202.7 265.4 203.8 263.5 203.3C261.6 202.8 260.5 200.8 261 198.9C279.4 130.5 238.8 60.1997 170.4 41.8997Z" fill="url(#paint0_linear_2700_210)"/>
<path fill-rule="evenodd" clip-rule="evenodd" d="M171.1 39.2996C101.3 20.5996 29.3 62.0996 10.5 131.9C10.4 132.4 9.39996 135.2 8.89996 135.1C8.39996 135 9.09996 131.9 9.19996 131.4C28.2 60.5996 100.7 18.5996 171.5 37.5996C242.3 56.5996 284.3 129.3 265.3 200.1C265.2 200.6 264.7 200.9 264.2 200.7C263.7 200.5 263.4 200.1 263.6 199.6C282.3 129.8 240.9 57.9996 171.1 39.2996Z" fill="url(#paint1_linear_2700_210)"/>
<path opacity="0.8" fill-rule="evenodd" clip-rule="evenodd" d="M170.4 41.8997C102 23.5997 28.7002 64.1997 10.4002 132.6C9.60018 134.6 9.30018 135.2 9.00018 135.1C8.60018 135 9.00018 132.6 9.50018 130.7C28.8002 58.4997 100 15.6997 172.2 34.9997C244.4 54.2997 287.3 128.6 267.9 200.8C267.4 202.7 265.4 203.8 263.5 203.3C261.6 202.8 260.5 200.8 261 198.9C279.4 130.5 238.8 60.1997 170.4 41.8997Z" fill="url(#paint2_linear_2700_210)"/>
<path d="M149 154.2H114V104.1H104.7V163H149V154.2Z" fill="white"/>
<path d="M132.1 121.6C132.1 115.4 137.9 111.8 146.4 111.8C152.4 112 158.3 113.5 163.8 116.1V107.1C158.3 104.6 152.4 103.2 146.4 103C131.8 103 123 110.1 123 122.8C123 151.7 163.9 140.8 163.9 161.5C163.9 168.5 158.8 173.8 144.7 173.8C133.7 173.8 120.2 169 120.2 169V178.2C128.2 181 136.6 182.4 145 182.3C160.6 182.3 173 175.2 173 159.9C172.9 132 132.1 142.6 132.1 121.6Z" fill="white"/>
<path d="M36.7 211.4H34V225.7H46V223.2H36.7V211.4Z" fill="white"/>
<path d="M166.2 211.4H168.9V225.7H166.2V211.4Z" fill="white"/>
<path d="M57.2996 219.6H64.9996V217.1H57.2996V214H66.6996V211.5H54.5996V225.8H66.9996V223.3H57.2996V219.6Z" fill="white"/>
<path d="M184.7 219.6H192.4V217.1H184.7V214H194.1V211.5H182V225.8H194.4V223.3H184.7V219.6Z" fill="white"/>
<path d="M238.9 211.4L234.6 218.1L230.1 211.4H226.8L233.1 220.4V225.7H235.8V220.4L242 211.4H238.9Z" fill="white"/>
<path d="M205.6 211.4V213.9H210.4V225.7H213.1V213.9H217.9V211.4H205.6Z" fill="white"/>
<path d="M96.1998 214.9C96.1998 214.7 96.2998 214.4 96.3998 214.3C96.5998 214.1 96.7998 213.9 97.0998 213.8C97.4998 213.7 97.8998 213.6 98.1998 213.5C98.6998 213.4 99.2998 213.4 99.7998 213.4C100.4 213.4 101 213.5 101.6 213.6C102.1 213.7 102.7 213.8 103.2 214C103.7 214.1 104 214.3 104.3 214.4C104.6 214.5 104.7 214.6 104.7 214.6V211.9C104.7 211.9 104.6 211.8 104.3 211.8C104 211.8 103.7 211.6 103.2 211.5C102.7 211.4 102.2 211.3 101.6 211.2C101 211.1 100.4 211.1 99.7998 211.1C98.9998 211.1 98.1998 211.2 97.3998 211.4C96.6998 211.6 95.9998 211.8 95.3998 212.2C94.8998 212.5 94.3998 213 93.9998 213.5C93.6998 214.1 93.4998 214.7 93.4998 215.4C93.4998 216 93.5998 216.6 93.8998 217.2C94.1998 217.7 94.5998 218.2 95.0998 218.5C96.1998 219.1 97.2998 219.6 98.5998 219.8C99.7998 220 100.9 220.3 102.1 220.7C103 221.1 103.7 221.6 103.7 222.5C103.7 222.8 103.6 223 103.4 223.2C103.2 223.4 102.9 223.6 102.6 223.7C102.2 223.9 101.7 224 101.3 224C100.7 224.1 100.1 224.1 99.4998 224.1C98.6998 224.1 97.9998 224 97.1998 223.9C96.4998 223.8 95.7998 223.7 95.1998 223.5C94.5998 223.4 94.0998 223.2 93.7998 223.1C93.4998 223 93.2998 222.9 93.2998 222.9V225.5C93.2998 225.5 93.3998 225.6 93.6998 225.7C94.0998 225.8 94.4998 225.9 94.8998 226C95.5998 226.1 96.1998 226.3 96.8998 226.3C97.7998 226.4 98.6998 226.5 99.6998 226.5C100.5 226.5 101.2 226.4 101.9 226.3C102.6 226.2 103.4 225.9 104.1 225.6C104.8 225.3 105.3 224.8 105.7 224.2C106.1 223.5 106.4 222.7 106.3 221.9C106.3 221.3 106.2 220.7 105.9 220.1C105.6 219.6 105.2 219.1 104.7 218.7C103.6 218 102.5 217.6 101.2 217.4C99.9998 217.2 98.8998 216.9 97.6998 216.6C96.7998 216.2 96.1998 215.7 96.1998 214.9Z" fill="white"/>
<path d="M123.5 210.9C122.5 210.9 121.4 211.1 120.4 211.4C119.5 211.7 118.6 212.3 117.9 213C117.2 213.7 116.6 214.5 116.2 215.4C115.8 216.4 115.6 217.5 115.6 218.6C115.6 219.7 115.8 220.8 116.2 221.8C116.6 222.7 117.2 223.5 117.9 224.2C118.6 224.9 119.5 225.4 120.4 225.8C121.4 226.2 122.4 226.4 123.5 226.3C124.5 226.3 125.6 226.1 126.6 225.8C127.5 225.5 128.4 224.9 129.1 224.2C129.8 223.5 130.4 222.7 130.8 221.8C131.2 220.8 131.4 219.7 131.4 218.6C131.4 217.5 131.2 216.4 130.8 215.4C130.4 214.5 129.8 213.7 129.1 213C128.4 212.3 127.5 211.8 126.6 211.4C125.6 211.1 124.5 210.9 123.5 210.9ZM123.5 223.8C122.8 223.8 122.2 223.7 121.5 223.4C120.9 223.2 120.3 222.8 119.9 222.4C119.4 221.9 119 221.4 118.8 220.8C118.5 220.1 118.4 219.4 118.4 218.6C118.4 217.8 118.5 217.1 118.8 216.4C119 215.8 119.4 215.2 119.9 214.8C120.4 214.4 120.9 214 121.5 213.8C122.8 213.3 124.2 213.3 125.4 213.8C126 214 126.6 214.4 127 214.8C127.5 215.3 127.9 215.8 128.1 216.4C128.4 217.1 128.5 217.8 128.5 218.6C128.5 219.4 128.4 220.1 128.1 220.8C127.9 221.4 127.5 222 127 222.4C126.5 222.8 126 223.2 125.4 223.4C124.8 223.7 124.1 223.8 123.5 223.8Z" fill="white"/>
<path d="M143.6 218.6C143.6 217.9 143.7 217.1 144 216.4C144.2 215.8 144.6 215.2 145.1 214.8C145.6 214.3 146.1 214 146.8 213.8C147.5 213.6 148.2 213.4 148.9 213.4C149.4 213.4 150 213.5 150.5 213.6C151 213.7 151.5 213.8 151.9 214C152.3 214.1 152.7 214.3 152.9 214.4C153.1 214.5 153.3 214.6 153.3 214.6V211.9C153.3 211.9 153.1 211.8 152.9 211.8C152.6 211.7 152.3 211.6 151.8 211.5C151.4 211.4 150.9 211.3 150.4 211.2C149.9 211.1 149.4 211.1 148.9 211.1C147.8 211.1 146.7 211.3 145.7 211.6C144.8 211.9 143.9 212.5 143.1 213.1C142.4 213.8 141.8 214.6 141.4 215.5C141 216.5 140.8 217.6 140.8 218.7C140.8 219.8 141 220.9 141.4 221.9C141.8 222.8 142.4 223.6 143.1 224.3C143.8 225 144.7 225.5 145.6 225.8C146.6 226.2 147.7 226.3 148.8 226.3C149.4 226.3 150 226.2 150.6 226.1C151.1 226 151.6 225.9 152.1 225.8C152.5 225.7 152.9 225.6 153.2 225.5C153.5 225.4 153.6 225.3 153.6 225.3V222.7C152.1 223.4 150.5 223.8 148.8 223.8C148.1 223.8 147.4 223.7 146.7 223.4C146.1 223.2 145.5 222.8 145 222.4C144.5 221.9 144.1 221.4 143.9 220.8C143.7 220.1 143.6 219.3 143.6 218.6Z" fill="white"/>
<path d="M77.149 252H73.4576V241.204H77.149C77.7496 241.204 78.3331 241.243 78.8995 241.321C79.461 241.409 79.9859 241.639 80.4742 242.01C81.1871 242.552 81.6681 243.262 81.9171 244.141C82.1661 245.01 82.2857 245.826 82.276 246.587C82.276 247.305 82.1856 248.025 82.005 248.748C81.8048 249.476 81.4605 250.12 80.9723 250.682C80.4693 251.219 79.8883 251.573 79.2291 251.744C78.5699 251.915 77.8766 252 77.149 252ZM74.4757 242.068V251.128H76.922C77.381 251.138 77.8204 251.109 78.2403 251.041C78.6505 250.972 79.0558 250.838 79.4562 250.638C80.1642 250.228 80.6451 249.642 80.899 248.88C81.148 248.108 81.2677 247.344 81.2579 246.587C81.2677 245.767 81.1529 244.981 80.9137 244.229C80.65 243.492 80.1446 242.908 79.3976 242.479C79.0753 242.298 78.6993 242.183 78.2696 242.134C77.8302 242.09 77.381 242.068 76.922 242.068H74.4757ZM89.6986 247.92C89.3178 248.062 88.932 248.162 88.5414 248.221C88.1508 248.289 87.7602 248.333 87.3695 248.353C85.9291 248.436 85.1991 248.987 85.1796 250.008C85.1894 250.467 85.3651 250.811 85.7069 251.041C86.039 251.28 86.4247 251.399 86.8642 251.399C87.6112 251.399 88.2655 251.214 88.8271 250.843C89.3886 250.486 89.6791 249.917 89.6986 249.136V247.92ZM86.9374 247.635L88.1825 247.474C88.3632 247.449 88.5683 247.417 88.7978 247.378C89.0175 247.33 89.2079 247.276 89.369 247.217C89.5155 247.134 89.6107 247.015 89.6547 246.858C89.684 246.697 89.6986 246.546 89.6986 246.404C89.6986 245.936 89.5522 245.557 89.2592 245.269C88.9613 244.986 88.4608 244.839 87.7577 244.83C87.1425 244.82 86.6347 244.939 86.2343 245.188C85.8437 245.452 85.5971 245.918 85.4945 246.587H84.579C84.6718 245.674 85.0136 245.013 85.6044 244.603C86.1903 244.217 86.9154 244.024 87.7797 244.024C88.5854 244.024 89.2543 244.197 89.7865 244.544C90.3139 244.915 90.5849 245.545 90.5995 246.434V250.667C90.5849 251.004 90.6483 251.219 90.7899 251.312C90.9218 251.409 91.1732 251.395 91.5443 251.268V251.971C91.4809 251.99 91.3856 252.015 91.2587 252.044C91.1171 252.093 90.9755 252.117 90.8339 252.117C90.6972 252.117 90.5629 252.103 90.4311 252.073C90.143 252.015 89.9525 251.875 89.8598 251.656C89.7719 251.436 89.723 251.192 89.7133 250.923C88.932 251.773 87.9652 252.203 86.8129 252.212C86.1147 252.212 85.5165 252.022 85.0185 251.641C84.496 251.28 84.2299 250.726 84.2201 249.979C84.2201 248.665 85.1259 247.884 86.9374 247.635ZM96.1398 251.297V252.029C96.0324 252.049 95.8933 252.078 95.7224 252.117C95.5417 252.171 95.3366 252.203 95.1071 252.212C94.6677 252.212 94.3332 252.098 94.1037 251.868C93.8498 251.624 93.7229 251.224 93.7229 250.667V244.983H92.6315V244.229H93.7229V242.068H94.6237V244.229H96.0813V244.983H94.6237V250.308C94.614 250.674 94.6555 250.948 94.7482 251.128C94.8264 251.309 95.0461 251.399 95.4074 251.399C95.6564 251.399 95.9006 251.365 96.1398 251.297ZM99.0728 252H98.1719V244.229H99.0728V252ZM99.1167 242.537H98.1279V241.204H99.1167V242.537ZM102.723 247.818V252H101.823V244.229H102.723V245.313C103.075 244.913 103.451 244.598 103.851 244.368C104.242 244.139 104.701 244.024 105.228 244.024C106.22 244 107.011 244.368 107.601 245.13C107.792 245.398 107.907 245.679 107.946 245.972C107.975 246.27 107.99 246.585 107.99 246.917V252H107.089V246.932C107.108 245.53 106.439 244.83 105.082 244.83C104.52 244.839 104.059 244.991 103.698 245.284C103.341 245.572 103.082 245.926 102.921 246.346C102.78 246.814 102.714 247.305 102.723 247.818ZM116.628 248.147C116.628 247.186 116.406 246.395 115.962 245.774C115.512 245.154 114.858 244.839 113.999 244.83C113.232 244.83 112.607 245.091 112.124 245.613C111.635 246.141 111.377 246.895 111.347 247.876C111.318 248.877 111.523 249.703 111.963 250.352C112.392 251.041 113.071 251.39 113.999 251.399C114.829 251.39 115.473 251.065 115.932 250.425C116.396 249.795 116.628 249.036 116.628 248.147ZM116.628 245.599V244.229H117.522V251.253C117.546 252.322 117.312 253.23 116.818 253.978C116.311 254.759 115.332 255.159 113.881 255.179C112.749 255.159 111.928 254.9 111.421 254.402C111.152 254.173 110.952 253.926 110.82 253.663C110.688 253.414 110.612 253.174 110.593 252.945H111.552C111.704 253.516 111.994 253.897 112.424 254.087C112.854 254.278 113.339 254.373 113.881 254.373C114.502 254.358 114.997 254.246 115.368 254.036C115.734 253.841 116.013 253.567 116.203 253.216C116.394 252.864 116.518 252.479 116.577 252.059C116.63 251.629 116.648 251.194 116.628 250.755C116.325 251.224 115.93 251.578 115.442 251.817C114.948 252.081 114.419 252.212 113.852 252.212C112.671 252.193 111.799 251.773 111.237 250.953C110.671 250.162 110.388 249.212 110.388 248.104C110.378 246.922 110.651 245.95 111.208 245.188C111.77 244.422 112.666 244.034 113.896 244.024C114.414 244.024 114.929 244.153 115.442 244.412C115.94 244.681 116.323 245.076 116.591 245.599H116.628ZM126.009 246.229H129.188C129.969 246.229 130.609 246.058 131.107 245.716C131.61 245.374 131.866 244.83 131.876 244.083C131.876 243.682 131.805 243.348 131.664 243.079C131.522 242.806 131.327 242.601 131.078 242.464C130.58 242.19 129.969 242.059 129.247 242.068H126.009V246.229ZM129.217 247.093H126.009V252H124.991V241.204H129.217C131.649 241.18 132.875 242.125 132.894 244.039C132.914 245.318 132.328 246.197 131.136 246.675C131.468 246.788 131.73 246.941 131.92 247.137C132.101 247.352 132.23 247.593 132.308 247.862C132.401 248.13 132.462 248.416 132.491 248.719C132.521 249.017 132.53 249.31 132.521 249.598C132.55 250.389 132.599 250.95 132.667 251.282C132.74 251.6 132.841 251.805 132.967 251.897V252H131.847C131.744 251.8 131.674 251.541 131.634 251.224C131.586 250.911 131.547 250.579 131.517 250.228C131.508 249.861 131.493 249.517 131.473 249.195C131.439 248.877 131.403 248.619 131.363 248.418C131.305 248.116 131.215 247.879 131.092 247.708C130.966 247.527 130.802 247.393 130.602 247.305C130.411 247.217 130.201 247.156 129.972 247.122C129.85 247.103 129.73 247.093 129.613 247.093C129.491 247.093 129.359 247.093 129.217 247.093ZM135.878 247.576H140.947C140.947 246.785 140.742 246.136 140.332 245.628C139.912 245.105 139.299 244.839 138.493 244.83C137.702 244.839 137.092 245.11 136.662 245.643C136.232 246.17 135.971 246.814 135.878 247.576ZM141.906 248.323H135.878C135.878 249.183 136.098 249.903 136.538 250.484C136.977 251.084 137.629 251.39 138.493 251.399C139.729 251.39 140.512 250.794 140.844 249.612H141.848C141.638 250.364 141.274 250.979 140.756 251.458C140.224 251.951 139.47 252.203 138.493 252.212C137.263 252.193 136.357 251.797 135.776 251.026C135.195 250.274 134.909 249.314 134.919 248.147C134.919 246.976 135.239 245.999 135.878 245.218C136.499 244.441 137.37 244.043 138.493 244.024C140.7 244.043 141.838 245.477 141.906 248.323ZM145.161 252H144.261V244.229H145.161V252ZM145.205 242.537H144.217V241.204H145.205V242.537ZM148.695 247.818V252H147.794V244.229H148.695V245.401H148.724C149.256 244.493 150.057 244.034 151.127 244.024C151.835 244.034 152.355 244.178 152.687 244.456C153.014 244.734 153.253 245.088 153.404 245.518C153.956 244.522 154.801 244.024 155.939 244.024C156.481 244.024 156.91 244.107 157.228 244.273C157.55 244.444 157.789 244.676 157.945 244.969C158.107 245.257 158.219 245.582 158.282 245.943C158.331 246.319 158.356 246.702 158.356 247.093V252H157.455V246.631C157.455 246.07 157.34 245.63 157.11 245.313C156.871 244.991 156.432 244.83 155.792 244.83C155.099 244.83 154.513 245.125 154.034 245.716C153.844 245.984 153.714 246.314 153.646 246.705C153.563 247.095 153.522 247.466 153.522 247.818V252H152.621V246.631C152.621 246.07 152.506 245.63 152.276 245.313C152.037 244.991 151.598 244.83 150.958 244.83C150.27 244.83 149.686 245.125 149.208 245.716C149.017 245.984 148.885 246.314 148.812 246.705C148.734 247.095 148.695 247.466 148.695 247.818ZM165.947 247.92C165.566 248.062 165.18 248.162 164.789 248.221C164.399 248.289 164.008 248.333 163.618 248.353C162.177 248.436 161.447 248.987 161.428 250.008C161.437 250.467 161.613 250.811 161.955 251.041C162.287 251.28 162.673 251.399 163.112 251.399C163.859 251.399 164.514 251.214 165.075 250.843C165.637 250.486 165.927 249.917 165.947 249.136V247.92ZM163.185 247.635L164.431 247.474C164.611 247.449 164.816 247.417 165.046 247.378C165.266 247.33 165.456 247.276 165.617 247.217C165.764 247.134 165.859 247.015 165.903 246.858C165.932 246.697 165.947 246.546 165.947 246.404C165.947 245.936 165.8 245.557 165.507 245.269C165.209 244.986 164.709 244.839 164.006 244.83C163.391 244.82 162.883 244.939 162.482 245.188C162.092 245.452 161.845 245.918 161.743 246.587H160.827C160.92 245.674 161.262 245.013 161.852 244.603C162.438 244.217 163.163 244.024 164.028 244.024C164.833 244.024 165.502 244.197 166.035 244.544C166.562 244.915 166.833 245.545 166.848 246.434V250.667C166.833 251.004 166.896 251.219 167.038 251.312C167.17 251.409 167.421 251.395 167.792 251.268V251.971C167.729 251.99 167.634 252.015 167.507 252.044C167.365 252.093 167.224 252.117 167.082 252.117C166.945 252.117 166.811 252.103 166.679 252.073C166.391 252.015 166.201 251.875 166.108 251.656C166.02 251.436 165.971 251.192 165.961 250.923C165.18 251.773 164.213 252.203 163.061 252.212C162.363 252.212 161.765 252.022 161.267 251.641C160.744 251.28 160.478 250.726 160.468 249.979C160.468 248.665 161.374 247.884 163.185 247.635ZM175.662 248.147C175.662 247.186 175.44 246.395 174.995 245.774C174.546 245.154 173.892 244.839 173.032 244.83C172.266 244.83 171.641 245.091 171.157 245.613C170.669 246.141 170.41 246.895 170.381 247.876C170.352 248.877 170.557 249.703 170.996 250.352C171.426 251.041 172.105 251.39 173.032 251.399C173.863 251.39 174.507 251.065 174.966 250.425C175.43 249.795 175.662 249.036 175.662 248.147ZM175.662 245.599V244.229H176.555V251.253C176.58 252.322 176.345 253.23 175.852 253.978C175.344 254.759 174.365 255.159 172.915 255.179C171.782 255.159 170.962 254.9 170.454 254.402C170.186 254.173 169.986 253.926 169.854 253.663C169.722 253.414 169.646 253.174 169.627 252.945H170.586C170.738 253.516 171.028 253.897 171.458 254.087C171.887 254.278 172.373 254.373 172.915 254.373C173.535 254.358 174.031 254.246 174.402 254.036C174.768 253.841 175.047 253.567 175.237 253.216C175.427 252.864 175.552 252.479 175.611 252.059C175.664 251.629 175.681 251.194 175.662 250.755C175.359 251.224 174.964 251.578 174.475 251.817C173.982 252.081 173.452 252.212 172.886 252.212C171.704 252.193 170.833 251.773 170.271 250.953C169.705 250.162 169.422 249.212 169.422 248.104C169.412 246.922 169.685 245.95 170.242 245.188C170.803 244.422 171.699 244.034 172.93 244.024C173.447 244.024 173.963 244.153 174.475 244.412C174.973 244.681 175.357 245.076 175.625 245.599H175.662ZM180.316 252H179.415V244.229H180.316V252ZM180.36 242.537H179.371V241.204H180.36V242.537ZM183.967 247.818V252H183.066V244.229H183.967V245.313C184.318 244.913 184.694 244.598 185.095 244.368C185.485 244.139 185.944 244.024 186.471 244.024C187.463 244 188.254 244.368 188.845 245.13C189.035 245.398 189.15 245.679 189.189 245.972C189.218 246.27 189.233 246.585 189.233 246.917V252H188.332V246.932C188.351 245.53 187.682 244.83 186.325 244.83C185.763 244.839 185.302 244.991 184.941 245.284C184.584 245.572 184.325 245.926 184.164 246.346C184.023 246.814 183.957 247.305 183.967 247.818ZM192.422 247.576H197.49C197.49 246.785 197.285 246.136 196.875 245.628C196.455 245.105 195.842 244.839 195.037 244.83C194.246 244.839 193.635 245.11 193.206 245.643C192.776 246.17 192.515 246.814 192.422 247.576ZM198.45 248.323H192.422C192.422 249.183 192.642 249.903 193.081 250.484C193.521 251.084 194.172 251.39 195.037 251.399C196.272 251.39 197.056 250.794 197.388 249.612H198.391C198.181 250.364 197.817 250.979 197.3 251.458C196.768 251.951 196.013 252.203 195.037 252.212C193.806 252.193 192.9 251.797 192.319 251.026C191.738 250.274 191.453 249.314 191.463 248.147C191.463 246.976 191.782 245.999 192.422 245.218C193.042 244.441 193.914 244.043 195.037 244.024C197.244 244.043 198.381 245.477 198.45 248.323ZM206.671 248.089C206.671 247.176 206.439 246.409 205.975 245.789C205.516 245.169 204.871 244.849 204.041 244.83C203.114 244.839 202.435 245.179 202.005 245.848C201.566 246.521 201.361 247.356 201.39 248.353C201.419 249.334 201.678 250.081 202.166 250.594C202.65 251.131 203.275 251.399 204.041 251.399C204.901 251.39 205.555 251.07 206.004 250.44C206.449 249.82 206.671 249.036 206.671 248.089ZM206.671 245.474V241.204H207.564V252H206.671V250.638H206.634C206.366 251.146 205.982 251.529 205.484 251.788C204.972 252.061 204.456 252.203 203.939 252.212C202.708 252.193 201.812 251.797 201.251 251.026C200.694 250.264 200.421 249.3 200.431 248.133C200.431 247 200.714 246.038 201.28 245.247C201.842 244.451 202.713 244.043 203.895 244.024C204.461 244.024 204.991 244.144 205.484 244.383C205.973 244.632 206.368 244.996 206.671 245.474Z" fill="white"/>
<defs>
<linearGradient id="paint0_linear_2700_210" x1="281.59" y1="136.234" x2="29.7292" y2="68.7484" gradientUnits="userSpaceOnUse">
<stop stop-color="#FF007A"/>
<stop offset="0.4887" stop-color="#F24462"/>
<stop offset="1" stop-color="#1712FF" stop-opacity="0.4"/>
</linearGradient>
<linearGradient id="paint1_linear_2700_210" x1="281.208" y1="137.514" x2="26.8297" y2="69.354" gradientUnits="userSpaceOnUse">
<stop stop-color="#FFDEEE"/>
<stop offset="0.4887" stop-color="#FF92A4"/>
<stop offset="1" stop-color="#171728" stop-opacity="0.4"/>
</linearGradient>
<linearGradient id="paint2_linear_2700_210" x1="281.59" y1="136.234" x2="29.7292" y2="68.7484" gradientUnits="userSpaceOnUse">
<stop stop-color="#FF007A"/>
<stop offset="0.4887" stop-color="#F24462"/>
<stop offset="1" stop-color="#1712FF" stop-opacity="0.4"/>
</linearGradient>
</defs>
</svg>
